0 0.15702160493827 0.17052469135802 0.14197530864198 0.20627572016461
0 0.21855709876543 0.21064814814815 0.13387345679012 0.15586419753086
0 0.086226851851852 0.17412551440329 0.1346450617284 0.184670781893
0 0.21604938271605 0.13117283950617 0.1412037037037 0.21707818930041
2 0.11728395061728 0.10570987654321 0.087962962962963 0.11882716049383
1 0.072723765432099 0.15174897119342 0.13233024691358 0.19135802469136
3 0.1255787037037 0.13271604938272 0.12615740740741 0.20267489711934
1 0.06616512345679 0.1031378600823 0.064429012345679 0.11574074074074
3 0.09375 0.10416666666667 0.12037037037037 0.1466049382716
0 0.21199845679012 0.21913580246914 0.097608024691358 0.089506172839506
2 0.21219135802469 0.079732510288066 0.061728395061728 0.055555555555556
